0
1
10
15
16
17
12
13
14
18
20
19
21
23
25
26
27
28
29
24
30
34
33
37
36
35
39
38
32
31
22
11
6
7
5
8
9
4
3
2
77
76
75
74
78
79
80
81
82
83
72
73
136
144
145
146
143
142
141
140
139
138
137
65
68
131
130
129
128
132
134
133
135
71
70
69
67
66
64
63
62
61
60
97
96
95
89
84
85
86
87
88
90
91
92
93
94
53
55
54
57
56
50
42
41
40
43
44
45
46
47
48
49
52
51
58
59
98
100
99
120
119
121
118
117
115
116
114
122
123
124
127
126
125
113
112
111
110
108
109
107
106
105
104
101
103
102
153
150
152
151
149
148
147