64869
64947
64971
64878
64926
64933
64856
64891
64866
64872
64870
64957
64900
64871
64985
65039
64976
64864
64927
64973
64974
64964
64854
64978
64998
64984
64959
65023
64910
64862
64875
65009
64860
65019
64924
64865
65032
64887
64901
64863
64908
64932
64939
64859
64956
65034
64979
64890
64857
64995
64917
64982
64877
64965
64873
65000
64954
65011
65006
64882
65016
64945
64967
64925
64880
64911
64987
65020
64993
64915
64989
64904
64936
64970
64963
64907
64897
64962
64981
64858
64942
65014
64961
64906
64914
64920
64923
64898
64999
64895
64938
64941
64867
65015
65026
64921
64948
64969
64968
65021
65025
64929
64990
64916
64885
64992
64952
64996
65017
64888
65028
64893
64876
64940
64944
64937
64905
64988
64899
64889
64953
64892
65013
64861
65002
64950
64991
64960
64949
64884
64883
64946
64918
64958
64955
64977
64986
64919
64913
65004
64879
64881
64903
64855
65018
64909
64934
64943
64896
65035
64980
64912
64922
65038